5145,20181010,214212,6.20232,0.230997,58.6713,0.412695,7.88806,0.286783,55.2023,0.303918,5.92735,0.347319,60.2631,0.631531
5204,20181011,212505,8.72816,0.274838,58.4243,0.24443,9.05291,0.392306,57.6194,0.318286,8.20604,0.551361,59.3237,0.591325
5308,20181015,140011,18.3989,1.57318,59.8065,0.358556,22.3854,3.22728,58.9601,0.493667,16.6916,2.62438,60.2038,0.684334
5311,20181015,202640,28.9654,2.47145,58.5157,0.191407,33.0345,5.41857,57.988,0.335177,18.0443,1.78153,60.3862,0.374936
5387,20181017,173125,111.761,37.2253,58.3206,0.205092,108.173,32.3262,58.2925,0.190426,50.187,14.0161,59.2522,0.393499
5424,20181018,175620,5.51372e+07,1.36432e+08,58.4847,0.131427,-125.394,60.3771,58.0275,0.25241,70.523,82.5776,59.2735,1.01615
5426,20181019,22109,86.5812,26.6078,59.0372,0.246949,206.234,157.233,58.7135,0.250352,25.9526,4.96886,60.9898,0.518498
5429,20181019,93815,93.8637,15.8658,59.3299,0.125925,2.54214e+08,1.41421,58.7051,0.0713979,41.2062,7.27814,60.137,0.304064
5431,20181019,225839,62.77,12.947,59.9226,0.229717,656.104,1615.32,59.0653,0.265122,22.0422,2.71591,61.7213,0.409449
5432,20181020,54934,6.7086e+06,8.55817e+08,58.7838,0.115638,-81.2297,20.7678,58.0846,0.220313,46.0025,8.15345,60.0683,0.2609
5433,20181020,193012,155.036,48.4996,59.4018,0.141502,-116.687,26.748,58.5788,0.136151,46.5545,7.02008,60.1975,0.232964
5434,20181021,50907,5.21542e+07,1.47318,59.0544,0.26459,-52.4843,17.5339,57.9188,0.453836,36.2634,18.3987,60.2869,0.959008
5437,20181021,141854,6.78878e+07,3.73624e+08,58.9752,0.210639,-47.6819,11.4235,57.7315,0.333564,44.247,17.7613,60.5631,0.643043
5439,20181022,34311,465.494,392.843,59.1962,0.12709,-111.65,22.2506,58.7377,0.124353,62.6361,13.7419,59.8923,0.256238
5441,20181022,55914,3.77348e+07,0.442596,58.9562,0.0708721,-101.744,26.9728,58.5666,0.181082,109.103,50.0126,59.4924,0.303347
5442,20181022,150930,2.20369e+07,0.491148,59.1785,0.0786467,-91.2391,25.8012,58.6599,0.210457,66.4689,19.9035,60.2426,0.341984
5449,20181022,191548,5.1635e+07,0.807677,59.2944,0.129332,-69.0273,14.9909,58.5993,0.213971,46.5087,12.2913,60.4787,0.409278
5450,20181023,5011,1.84092e+07,1.24915e+08,59.1323,0.137593,-115.51,57.182,58.7458,0.295152,99.9048,88.2472,59.3963,0.591637
5452,20181023,54841,220.794,237.69,59.4492,0.342865,-73.6278,22.3354,58.6766,0.290808,29.9612,4.88182,61.4816,0.417845
5460,20181023,203418,3.13418e+07,0.51755,59.5335,0.0828744,-65.1024,9.58125,58.5987,0.151977,224.518,226.561,59.8254,0.325592
5758,20181101,200639,10.4174,0.355348,59.6203,0.221211,11.4234,0.353079,59.1064,0.186092,8.46247,0.409747,61.2765,0.429434
5759,20181102,43730,11.148,0.179449,59.8007,0.0980919,13.5038,0.453805,58.7258,0.177368,9.81945,0.299437,60.6152,0.224149
5760,20181102,70531,12.9001,1.16165,59.359,0.472959,12.7239,1.09935,59.2874,0.47361,12.1632,1.64938,59.1269,0.751512
5765,20181102,152712,12.6121,0.449975,59.6644,0.183718,16.2275,1.23944,58.597,0.31727,10.3713,0.443306,60.7887,0.275698
5766,20181102,162108,14.1887,0.485961,59.3728,0.16433,15.6477,0.730152,58.7941,0.205592,11.845,0.522183,60.4641,0.266782
5769,20181102,220658,14.663,0.521325,59.3106,0.165001,17.7894,0.807836,58.4987,0.180476,12.1813,0.699896,60.1092,0.337203
5770,20181103,4218,14.429,0.311222,59.7018,0.102378,16.0436,0.640402,59.252,0.176446,12.8605,0.363883,60.2706,0.152713
5771,20181103,70848,15.8972,0.43708,59.4253,0.118274,19.4667,0.798067,58.7468,0.147743,12.7045,0.483407,60.442,0.210446
5773,20181103,170758,19.9112,0.88503,58.8966,0.156683,23.2504,1.29992,58.4606,0.176004,16.549,1.37806,59.522,0.370893
5774,20181103,210915,19.904,1.28304,59.2797,0.222245,23.0354,1.57697,58.932,0.206552,14.0533,0.956375,60.6665,0.338604
5776,20181104,60852,23.7346,1.66461,59.0821,0.202846,25.6812,2.24326,58.8963,0.233605,17.7827,1.37683,59.9792,0.306805
5777,20181104,102436,24.102,1.2716,59.1959,0.150623,31.7454,2.68371,58.7343,0.187162,18.1911,1.13265,59.9946,0.236022
5778,20181104,185703,44.1852,15.5039,58.04,0.536647,78.2758,57.6422,57.3686,0.630996,18.4015,3.63,59.8433,0.697222
5779,20181104,215232,23.7181,1.05002,59.7164,0.129503,27.9826,1.86244,59.5236,0.167108,21.0487,1.99079,59.907,0.326163
5780,20181105,44659,31.5735,2.77467,59.1185,0.19207,43.736,6.05107,58.5083,0.218202,19.9492,2.26749,60.1612,0.369206
5784,20181105,91033,36.316,3.97788,59.1198,0.208553,38.7288,4.02833,59.1637,0.19626,27.5078,4.65923,59.4444,0.451953
5785,20181105,164926,39.8275,4.74679,58.9487,0.206629,43.8144,4.91601,59.1444,0.183004,24.9127,3.62384,59.8253,0.410599
5786,20181106,41203,32.8364,2.33896,59.5105,0.150824,42.1129,3.14477,59.2932,0.122549,23.2586,2.11961,60.2144,0.281349
5794,20181106,202406,41.4234,4.07996,59.5209,0.165808,54.9037,6.20641,59.4571,0.140967,29.2396,4.07515,59.9004,0.35084
5796,20181107,31757,57.6791,9.04963,59.556,0.190315,70.9251,14.8232,59.5503,0.210338,35.1891,6.20016,59.8793,0.339896
5797,20181107,62657,64.0341,19.1713,59.2312,0.310128,5.31366e+06,1.41421,58.6428,0.131895,18.4014,2.49252,61.8645,0.571075
5809,20181107,171214,88.0552,27.9964,59.0295,0.251219,287.94,180.81,58.8197,0.149355,24.807,2.92288,60.8214,0.350459
5810,20181108,15721,52.4684,7.05906,59.6639,0.184648,96.6375,36.5692,59.2232,0.281226,33.6308,7.1359,60.303,0.48098
5814,20181108,112037,102.934,45.7992,59.2731,0.302261,-773.903,2407.36,58.6518,0.286619,28.7318,3.55628,61.0696,0.31849
5816,20181108,213638,122.103,56.917,59.1231,0.266457,252.721,191.958,58.9751,0.209866,35.3948,6.37122,60.5778,0.357941
5817,20181108,231159,93.4021,15.8368,59.671,0.127668,413.483,391.704,59.3532,0.160092,48.9448,6.5914,60.043,0.19315
5826,20181109,233403,118.958,31.5921,59.3978,0.156493,-248.121,110.812,58.7849,0.122799,42.1005,5.79461,60.3703,0.230664
5831,20181110,65737,3.70527e+06,3.55359e+07,58.8389,0.0889146,-66.5511,20.3785,58.1441,0.328568,34.6792,7.63661,60.3924,0.425085
5833,20181110,101208,389.946,457.398,59.0277,0.205548,-195.871,161.19,58.6126,0.297369,43.293,11.9737,60.3516,0.469498
5834,20181110,144118,2190.44,10796.4,58.9374,0.150059,-654.877,1,58.8749,463.01,59.5523,19.8418,59.9141,0.398889
5835,20181110,214117,179.171,82.4829,59.4377,0.180453,-155.664,59.4535,58.8121,0.164877,49.358,8.56617,60.269,0.249726
5836,20181111,50422,1.69252e+07,5.25545e+07,59.2026,0.0667836,1.30679e+08,1.41421,59.294,0.127988,53.7103,11.4432,60.4043,0.28727
5837,20181111,51955,4419.12,62488.8,59.5645,0.226297,555.137,1228.28,59.6719,0.262323,77.2274,35.7896,60.3314,0.397678
5838,20181111,142937,110.391,84.9369,60.0425,0.473932,260.869,514.285,59.5799,0.521602,40.7816,14.2367,61.1037,0.563418
5839,20181111,151546,2.50792e+07,1.02631,59.2873,0.164341,-65.2474,18.7968,58.6329,0.302797,96.6925,52.746,59.9886,0.402405
5842,20181111,211850,56.2649,10.8216,60.886,0.244387,1.13088e+08,1.41421,59.6547,0.0625849,31.9246,5.99096,61.652,0.426876
