5141,20181010,162003,6.09793,0.118478,52.5916,0.183551,6.44601,0.168321,50.1839,0.22097,5.80306,0.119695,55.0102,0.213512
5145,20181010,214212,6.38677,0.123872,53.3293,0.178025,6.6142,0.152262,51.2747,0.192594,6.2076,0.12654,55.3661,0.202072
5181,20181011,152539,7.63407,0.254559,53.3799,0.25954,8.12592,0.247293,52.2529,0.214264,7.22369,0.179931,54.7481,0.201618
5203,20181011,195832,7.968,0.275988,53.5347,0.259735,8.38318,0.290412,52.5428,0.237353,8.04026,0.281494,54.5591,0.263443
5204,20181011,212505,7.95384,0.163333,54.197,0.156159,8.43089,0.284327,52.7886,0.232784,7.53326,0.10106,55.6177,0.109818
5225,20181012,101950,9.85027,0.590029,53.115,0.364534,10.4396,0.373303,52.2955,0.188789,10.7549,0.308837,54.1994,0.140516
5235,20181012,140815,9.22439,0.235979,54.1844,0.169128,9.57275,0.330148,53.2502,0.205026,8.8692,0.251056,55.1205,0.190376
5308,20181015,140011,22.5234,1.52107,53.8879,0.187404,28.0622,2.82595,52.2434,0.214308,18.8974,1.09235,55.5063,0.20122
5311,20181015,202640,22.1727,1.09704,54.2285,0.140333,28.9135,2.70294,52.7475,0.198645,18.2265,0.610665,55.7009,0.119521
5387,20181017,173125,43.8881,4.96072,54.1287,0.163316,76.388,15.7727,52.7575,0.164789,30.8107,2.38244,55.5294,0.159989
5424,20181018,175620,52.7357,6.68824,54.2058,0.153006,161.813,99.3509,52.7128,0.229023,31.4487,2.17877,55.7326,0.142574
5426,20181019,22109,60.0285,11.1892,54.1074,0.197369,111.825,37.2825,52.9434,0.180498,40.3564,5.66582,55.3314,0.216579
5429,20181019,93815,83.4107,18.4758,54.1799,0.169387,686.801,1337.99,52.7862,0.17391,44.3862,5.2419,55.6072,0.169424
5430,20181019,183404,72.7802,20.2545,53.9896,0.242827,483.562,808.393,52.7506,0.20996,67.1481,23.8947,54.992,0.256811
5431,20181019,225839,87.754,17.813,54.2536,0.147796,446.225,664.993,53.0096,0.202787,47.6007,4.54792,55.5485,0.11991
5432,20181020,54934,114.262,47.1531,54.0729,0.23021,1.34336e+07,1.41421,52.8493,0.135121,49.8796,6.51927,55.4747,0.163695
5433,20181020,193012,133.962,50.1662,54.1314,0.178503,-228.118,173.057,52.7303,0.205554,51.9765,6.1396,55.566,0.145827
5434,20181021,50907,160.351,75.3392,54.1837,0.187411,6.61819e+07,1.1839e+08,53.1157,0.104415,61.016,9.67637,55.5109,0.161649
5437,20181021,141854,202.648,109.871,54.0532,0.170856,4.35146e+07,1.41421,53.0323,0.125184,56.9088,5.35583,55.5381,0.0972374
5439,20181022,34311,246.88,144.822,54.2224,0.152273,4.02402e+08,7.19839e+08,53.4195,0.0954349,62.069,8.61954,55.4881,0.144534
5441,20181022,55914,175.508,72.3966,54.5419,0.151362,-297.73,236.101,53.522,0.166421,67.5796,11.3961,55.5878,0.157517
5442,20181022,150930,202.062,103.047,54.441,0.162292,-199.771,105.883,53.2349,0.164477,66.5301,10.7828,55.6886,0.153951
5449,20181022,191548,2542.27,15389.7,54.0734,0.15269,-90.2021,23.7975,52.8308,0.180017,84.5399,15.5273,55.3422,0.138568
5450,20181023,5011,1.1933e+07,2.85614e+07,54.1298,0.0907989,-87.7194,28.811,52.8268,0.232061,131.9,44.6308,55.2417,0.161804
5452,20181023,54841,718.035,1202.53,54.2167,0.149888,-108.918,33.5061,53.0167,0.175273,86.9148,17.0651,55.4436,0.14305
5458,20181023,141334,707.888,1059.99,54.474,0.136363,-107.002,32.9061,53.2635,0.176267,80.8979,15.0533,55.7252,0.147856
5460,20181023,203418,1.4493e+06,0.382122,54.3591,0.0611886,-85.4281,19.0129,53.0358,0.162568,88.481,13.663,55.6997,0.110851
5758,20181101,200639,10.0102,0.259925,54.6632,0.160233,11.0323,0.343432,53.2809,0.168489,9.21583,0.223134,56.0487,0.165202
5759,20181102,43730,10.6599,0.277595,54.7071,0.151467,11.8288,0.438655,53.3774,0.188766,9.72152,0.184033,56.0495,0.122013
5760,20181102,70531,11.6289,0.343571,54.6193,0.157862,13.364,0.5422,53.2107,0.18173,10.293,0.293965,56.0468,0.174011
5762,20181102,110333,11.4122,0.538444,54.6559,0.256803,13.4753,0.528639,53.2824,0.171176,11.2172,0.609312,55.893,0.250715
5765,20181102,152712,12.3976,0.410054,54.4864,0.165773,14.1825,0.547499,53.3131,0.164008,11.0799,0.359626,55.669,0.181842
5766,20181102,162108,13.1176,0.431441,54.5102,0.156205,14.9376,0.655082,53.2766,0.177939,11.7426,0.344643,55.7578,0.156643
5769,20181102,220658,13.5695,0.473399,54.6721,0.160831,15.604,0.741396,53.4702,0.187145,12.0428,0.335492,55.8804,0.145805
5770,20181103,4218,13.6737,0.470869,54.7854,0.157912,15.4705,0.701673,53.621,0.179063,12.2962,0.355659,55.9538,0.150259
5771,20181103,70848,14.8415,0.513968,54.692,0.146461,16.508,0.641155,53.6838,0.144279,13.4954,0.472439,55.7121,0.164196
5773,20181103,170758,16.353,0.825354,54.7018,0.19429,18.2052,1.03891,53.7404,0.193368,14.8701,0.719812,55.6694,0.208156
5774,20181103,210915,17.5151,0.72532,54.6228,0.148927,19.629,0.987405,53.7815,0.158526,15.8625,0.558284,55.4696,0.140377
5775,20181104,21029,17.4015,1.51812,54.7644,0.316428,19.2159,1.24442,54.0363,0.207737,17.5184,0.644452,55.7701,0.123296
5776,20181104,60852,18.7773,0.893392,54.6975,0.160101,22.2732,1.3296,53.634,0.165188,16.3111,0.728953,55.7633,0.176257
5777,20181104,102436,21.0246,1.0764,54.5778,0.153934,25.0889,1.56568,53.6022,0.153353,18.1099,0.78891,55.5765,0.152829
5778,20181104,185703,24.3841,1.46868,54.4284,0.15622,33.1553,2.51478,53.1569,0.139882,19.2114,1.14646,55.7491,0.18973
5779,20181104,215232,22.8493,1.24555,54.6471,0.151275,28.5667,2.18594,53.5734,0.165217,19.1063,0.784506,55.7374,0.137024
5780,20181105,44659,26.0378,1.82138,54.4194,0.170047,32.067,3.52511,53.3775,0.211417,21.9438,1.06392,55.4892,0.138432
5784,20181105,91033,25.9417,2.1477,54.6083,0.202676,34.6431,4.02965,53.5102,0.206539,20.8648,1.3884,55.7264,0.200517
5785,20181105,164926,28.2686,2.42483,54.4716,0.192508,39.0818,5.00438,53.3068,0.201982,22.1243,1.42396,55.6665,0.184463
5786,20181106,41203,30.8053,2.02372,54.5264,0.135634,43.9341,5.16941,53.3576,0.165567,23.8391,1.01179,55.7134,0.113263
5794,20181106,202406,39.2096,3.6535,54.5415,0.15166,62.9807,10.9164,53.2796,0.169492,28.5634,1.73393,55.8211,0.137589
5796,20181107,31757,43.3215,4.88615,54.4336,0.165997,83.1423,26.2104,53.2549,0.233386,29.3374,1.44806,55.6532,0.104451
5797,20181107,62657,47.0888,6.34436,54.3466,0.182294,90.4267,29.428,53.0271,0.220025,31.7342,2.41502,55.707,0.152413
5809,20181107,171214,48.5373,4.63134,54.6811,0.126099,99.1657,23.0832,53.4182,0.145403,32.291,1.87418,55.9642,0.11492
5810,20181108,15721,59.5494,10.8079,54.4222,0.194842,118.603,55.8523,53.3409,0.247196,38.1215,3.43648,55.5775,0.141468
5814,20181108,112037,64.5438,10.2211,54.5355,0.157278,146.851,63.4777,53.4043,0.182118,41.0972,3.51327,55.7031,0.130675
5816,20181108,213638,66.6005,11.2882,54.5726,0.163281,227.978,141.828,53.3115,0.169122,39.5872,3.72898,55.8536,0.155284
5817,20181108,231159,94.0993,18.937,54.3262,0.13688,563.096,768.884,53.0793,0.150187,51.7411,4.80203,55.6078,0.11508
5819,20181109,84356,95.6793,34.0878,54.3338,0.238317,456.216,729.052,53.3653,0.21818,62.0641,10.7333,55.3355,0.170134
5825,20181109,221909,114.705,63.9469,54.4217,0.311742,4.06478e+07,1.41421,53.3817,0.0998488,63.8689,12.5381,55.8465,0.203311
5826,20181109,233403,116.092,31.8051,54.6215,0.151992,8.78923e+07,1.41421,53.6145,0.0753017,53.127,6.41278,55.7443,0.146225
5827,20181110,52029,187.1,137.745,54.2338,0.252005,2.31002e+08,3.69603e+08,53.3593,0.076021,127.692,53.1388,55.3205,0.189756
5831,20181110,65737,181.2,89.9812,54.5252,0.176477,2.29719e+08,1.41421,53.6661,0.0759169,62.7353,12.5796,55.6646,0.199948
5833,20181110,101208,141.966,48.7898,54.5824,0.155916,1.76826e+08,1.41421,53.5345,0.100405,56.0006,6.12552,55.86,0.124406
5834,20181110,144118,307.326,240.337,54.3736,0.163535,2.64203e+08,1.41421,53.6181,0.0992405,70.3882,11.817,55.5754,0.150628
5835,20181110,214117,191.84,98.9867,54.449,0.172935,5.00993e+07,1.41421,53.5342,0.095505,73.8737,12.1287,55.559,0.142485
5836,20181111,50422,369.831,285.418,54.396,0.134209,1.34602e+08,1.41421,53.5797,0.0958615,90.6289,13.6144,55.5544,0.10263
5837,20181111,51955,147.321,70.8865,54.593,0.210395,9.22656e+07,1.41421,53.58,0.104904,62.9397,12.1026,55.7644,0.194843
5838,20181111,142937,248.885,277.439,54.5171,0.288446,-128.773,63.3731,53.3456,0.235923,60.4531,9.968,55.9887,0.179662
5839,20181111,151546,146.67,79.768,54.557,0.238677,2.90822e+07,1.41421,53.6144,0.114038,56.3874,10.8702,55.7453,0.214347
5841,20181111,190518,257.278,188.505,54.5668,0.183665,-131.305,61.8959,53.3985,0.223828,65.2015,10.4719,55.7869,0.15826
5842,20181111,211850,265.12,159.77,54.5076,0.146419,4.58492e+07,1.41421,53.6136,0.0950741,94.9246,13.0908,55.5919,0.0930172
5843,20181112,33129,118.645,80.6863,54.5769,0.368702,1103.5,5166.25,53.6882,0.257708,136.109,51.2362,55.8852,0.143365
5844,20181112,50529,210.373,82.2146,54.8308,0.120343,2.51351e+08,2.96477e+08,53.8385,0.0684439,88.5145,12.6127,55.9508,0.103268
