5141,20181010,162003,6.27313,0.183161,51.1293,0.256825,6.48305,0.272339,49.146,0.37328,5.96719,0.228506,52.9423,0.38793
5145,20181010,214212,6.57623,0.184065,51.7587,0.24268,6.65197,0.220451,50.0058,0.309553,6.54095,0.338841,53.1219,0.474386
5204,20181011,212505,8.33983,0.406191,52.6846,0.343693,7.91633,0.302747,52.4335,0.289351,8.98291,0.549659,52.9673,0.411614
5235,20181012,140815,10.1757,0.562877,52.7043,0.339333,10.7039,0.626327,51.7428,0.385888,10.0415,0.683859,53.5417,0.459857
5311,20181015,202640,31.6279,5.19606,52.3145,0.322618,26.0819,1.49781,52.5583,0.142801,43.7858,12.0239,52.1029,0.398848
5387,20181017,173125,91.4924,26.7009,52.6291,0.197748,63.3381,7.6119,53.0697,0.125426,245.968,251.017,52.2044,0.259807
5426,20181019,22109,172.277,174.912,52.7387,0.366846,106.936,29.5658,53.7157,0.155494,1.30483e+07,4.48965e+07,52.3318,0.152855
5429,20181019,93815,1.4748e+07,5.06602e+07,52.6801,0.0921449,122.29,26.5487,53.6766,0.116023,1.28934e+08,1.41421,52.2551,0.166588
5431,20181019,225839,-546.16,1575.37,52.4424,0.328063,99.4786,20.6816,53.6525,0.146681,6.92791e+07,2.77117e+08,52.4853,0.19653
5432,20181020,54934,-488.981,1349.43,52.6461,0.354168,185.451,83.2341,53.8909,0.168403,1.75276e+08,4.95756e+08,52.4978,0.16651
5433,20181020,193012,3.47958e+07,0.769451,53.1713,0.123211,-270.973,142.961,53.4911,0.125953,2.85129e+08,1.41421,52.7427,0.181654
5434,20181021,50907,7.68679e+07,6.6712e+08,53.1832,0.175986,-431.087,513.135,53.7683,0.182502,-50.9968,10.0884,51.9206,0.251433
5437,20181021,141854,3.56895e+07,0.894908,53.0952,0.1433,201.315,61.7949,54.1446,0.105208,-39.4604,5.19376,51.5184,0.211957
5439,20181022,34311,7.06685e+07,0.782452,53.3973,0.125293,-284.004,250.672,53.817,0.202946,1.61103e+08,3.57456e+08,52.9052,0.166438
5441,20181022,55914,2.14193e+07,0.641938,53.4382,0.102792,-628.582,615.821,53.9913,0.111668,1.09091e+08,4.36363e+08,53.053,0.142436
5442,20181022,150930,5.44446e+07,0.938681,53.401,0.150309,1.58586e+07,1.41421,54.0315,0.0969911,3.42572e+07,1.11884e+08,53.0062,0.223771
5449,20181022,191548,5.94776e+07,1.19068,53.4002,0.190662,1.08765e+08,6.15267e+08,54.0694,0.141258,6.15985e+07,1.64263e+08,53.0107,0.240758
5450,20181023,5011,6.22337e+07,1.81348e+08,53.1995,0.20469,-535.267,529.886,53.9855,0.119871,1.10715e+08,1.41421,52.9485,0.245261
5452,20181023,54841,3.91226e+07,1.09231,53.3037,0.174909,-992.558,798.455,54.2144,0.0527702,1.21703e+08,1.41421,53.0246,0.218373
5460,20181023,203418,4.22795e+07,2.65609e+08,53.6899,0.156018,-145.961,38.217,54.0226,0.120857,7.3847e+07,1.41421,53.2191,0.207087
5758,20181101,200639,10.7016,0.621654,52.9628,0.325711,10.3516,0.588064,52.8437,0.342026,11.4999,0.834124,53.0853,0.384326
5759,20181102,43730,11.3779,0.59139,53.3257,0.27677,10.8401,0.312616,53.5459,0.169898,12.3196,0.951322,53.1144,0.383389
5760,20181102,70531,12.5768,0.615118,53.0035,0.235184,11.8773,0.406808,53.4452,0.199391,14.2293,0.890063,52.5427,0.272673
5765,20181102,152712,14.6421,0.843094,52.8902,0.238525,14.5934,0.624399,53.124,0.196005,15.3926,1.03527,52.7879,0.271576
5766,20181102,162108,13.6946,0.679782,53.4867,0.221877,13.0146,0.424121,53.6652,0.161291,14.8758,1.02757,53.3565,0.287245
5769,20181102,220658,15.6238,1.04862,53.0616,0.26191,14.1168,0.503004,53.5721,0.172221,18.3727,1.87438,52.6948,0.33911
5770,20181103,4218,15.3845,1.10007,53.3894,0.284994,14.1188,0.433212,53.7688,0.141909,17.5045,1.96978,53.0293,0.397028
5771,20181103,70848,16.4841,1.1505,53.6541,0.261456,14.7439,0.524094,54.1089,0.157354,19.3533,2.17935,53.2293,0.363656
5773,20181103,170758,19.766,1.69615,53.3982,0.268051,19.0496,1.06869,53.8233,0.187949,21.3138,2.55548,53.0365,0.347488
5774,20181103,210915,20.8797,1.79456,53.1076,0.253111,17.4836,0.869348,53.9526,0.182541,27.6774,3.75562,52.2834,0.302521
5776,20181104,60852,23.3316,2.95229,53.4643,0.336403,20.5097,1.97718,54.0389,0.300829,28.909,4.23134,52.9882,0.316493
5777,20181104,102436,27.322,3.23108,53.3891,0.268926,25.1123,1.95334,53.7319,0.199648,31.2212,4.81651,53.1401,0.308238
5778,20181104,185703,31.9199,4.12789,53.4832,0.248485,22.4643,1.35932,54.2087,0.209724,55.507,12.5437,53.0009,0.257395
5779,20181104,215232,28.9699,3.58227,53.5461,0.266249,26.4076,1.702,53.954,0.162593,34.217,6.78889,53.1713,0.362118
5780,20181105,44659,33.7104,7.20418,53.3537,0.394786,31.0244,2.74027,53.8062,0.192998,40.9625,11.9002,53.1217,0.448752
5784,20181105,91033,35.1758,6.29374,53.3263,0.316898,35.8701,5.97,53.4889,0.305507,38.4687,8.09482,53.1831,0.345125
5785,20181105,164926,47.0058,9.26427,53.1086,0.260996,39.3677,4.45057,53.7968,0.188132,63.9789,21.2249,52.4742,0.32418
5786,20181106,41203,49.3296,9.46357,53.2596,0.242882,39.8633,2.82956,53.9386,0.120251,69.527,26.4611,52.6573,0.339525
5794,20181106,202406,46.2334,8.21768,53.8063,0.242413,47.8234,4.83196,53.9627,0.141447,50.1424,12.0526,53.7214,0.300966
5796,20181107,31757,63.8546,23.4599,53.4828,0.361554,65.0111,8.24616,54.1607,0.136914,77.7198,33.5261,53.0995,0.350714
5797,20181107,62657,67.2829,23.9461,53.5061,0.332638,79.9407,21.1622,53.8742,0.21713,76.1346,26.9192,53.4201,0.297282
5809,20181107,171214,150.828,87.0188,53.1927,0.240107,91.1041,20.9269,53.7957,0.164925,33696,4.07219e+06,52.6247,0.240635
5810,20181108,15721,105.277,64.0591,53.4198,0.363802,84.6428,21.5591,54.1765,0.221814,295.773,433.876,53.0225,0.31428
5814,20181108,112037,125.407,67.7464,53.4942,0.27172,82.2092,12.0156,54.2015,0.119493,465.036,1383.82,52.8483,0.401899
5816,20181108,213638,-5.6341e+06,0.873162,53.2544,0.139818,150.44,65.7141,53.9976,0.19402,1.01516e+08,1.91421e+08,53.0223,0.189514
5817,20181108,231159,5.90906e+06,0.696631,53.1988,0.11155,217.271,128.894,53.7023,0.180059,1.59054e+08,1.41421,53.0652,0.162308
5826,20181109,233403,8.43497e+06,3.15612e+07,53.3927,0.122334,172.427,77.1023,54.3099,0.172521,1.47239e+08,8.32909e+08,52.9106,0.180042
5831,20181110,65737,2.49645e+07,1.03947,53.2722,0.170888,134.468,39.4787,54.4552,0.153319,6.7717e+07,1.41421,53.1257,0.210178
5833,20181110,101208,-1.35584e+06,6.16219e+07,53.4562,0.188553,442.938,436.655,54.3292,0.158212,6.32545e+07,2.06588e+08,53.3504,0.173467
5834,20181110,144118,-8.99838e+06,4.45626e+07,53.589,0.138826,188.785,62.5184,54.5095,0.127451,1.25573e+07,7.27623e+07,53.4058,0.160223
5835,20181110,214117,1.70589e+07,0.596054,53.6735,0.0954451,328.011,213.581,54.5415,0.132537,2.24517e+08,4.49035e+08,53.1211,0.141871
5836,20181111,50422,5.43508e+07,2.27707e+08,53.4897,0.147146,-998.211,1695.91,54.0949,0.115957,4.45832e+07,1.34807e+08,53.2373,0.186095
5837,20181111,51955,6.44346e+06,1.13244,53.3969,0.181336,1034.28,1514.62,54.227,0.0985718,1.32089e+08,5.98853e+10,53.1291,0.197555
5839,20181111,151546,4.46309e+07,1.46731,53.275,0.234958,3.06166e+07,1.41421,54.3663,0.120629,1.22885e+08,4.39646e+08,53.026,0.227884
5841,20181111,190518,4.63374e+07,1.1704e+10,53.7097,0.193339,-119.799,38.4645,53.9533,0.186849,6.89265e+07,2.08414e+08,53.356,0.234476
5842,20181111,211850,4.96816e+07,0.857682,53.7119,0.137339,9.21714e+07,1.41421,54.2128,0.0722902,7.82671e+07,2.21373e+08,53.3218,0.22021
5844,20181112,50529,4.36129e+07,9.26454e+07,53.4103,0.177604,1.04858e+07,1.41421,53.9619,0.0887387,3.34446e+07,1.19655e+08,53.3975,0.21907
